***  Starting real-space hubbard/anderson calculation  ***
 ================================================================
 Compiled on Jul 26 2013 at 16:39:31
 VCS BASE repository version:
     86110b3a4d81a82f0b6e9764cb6367c9aa0692fc
 Working directory: 
     /sharedscratch/ghb24/LRDMET/Honeycombo/Lattices/U3
 Started running on 28/07/2013 at 06:47:25
 ================================================================

 Reading from file: input.model

****************************************************************

MODEL
    SYSTEM READ
    SITES 4950
    UHF
    U_VALS 3.0
(    APBC)
    IMPSITES 6
    HALF_FILL
    NONDIR_DAVIDSON
    COMPRESSMATS 1.0E-8
    N_CMPRSHAMSIZE 49000000
    NP1_CMPRSHAMSIZE 44000000
    NM1_CMPRSHAMSIZE 44000000
(    WRITECMPRSMATS)
(    DEBUGOUTPUT)
(    CHECK_SANITY)
END

LINEAR_RESPONSE
(    DD_RESPONSE)
    GF_RESPONSE
(    BETA_GF)
(    NONDIR_MINRES)
    NONDIR_GMRES 1.0E-5
    MINRES_MAXITER 6000
    REUSE_FIRSTORDER_PSI
    PRECONDITION_LR
    NKRYLOV 75
    EC_TDA 1
    FREQ -4.5 4.5 0.02
    BROADENING 0.05
END

****************************************************************

Reading unknown system from files...
            o No chemical potential applied at impurity site
            o Number of lattice sites:      4950
            o *Unrestricted* bath construction: (Anti-)Ferromagnetic phase
            o Range of U values to consider: 
            o U =    3.00000
            o Only half filling to be considered
            o Number of impurity sites:       6
            o Impurity solver: Non-direct iterative Davidson diagonalizer
            o Calculating externally-contracted MC-TDA DMET linear response function
                o Local Greens function calculated
            o Spectral broadening for linear response functions:    0.05000000


 Running DMET calculation with U =    3.00000000000000     
Connections of impurity sites via t:     12 within imp,      6 to env
 
Electrons per site:      1.000 (in  2475 doubly occupied orbitals on  4950 sites)
Filling Fraction:        0.50000
Hubbard U:               3.000
Embedded system size:     6 sites
1D Hubbard lattice of  4950 sites
 
 nOCC                  2475
 Fock eigenvalues around fermi level: 
 -0.111206436646118      -0.111206436646118      *
 -0.111206436646110      -0.111206436646110      *
 -0.110240876147259      -0.110240876147259      *
 -0.110240876147252      -0.110240876147252      *
 -6.608407933771322E-002 -6.608407933771322E-002 *
 -6.608407933769711E-002 -6.608407933769711E-002 *
 -6.499196892982884E-002 -6.499196892982884E-002 *
 -6.499196892982473E-002 -6.499196892982473E-002 *
  6.499196892981668E-002  6.499196892981668E-002
  6.499196892982406E-002  6.499196892982406E-002
  6.608407933769862E-002  6.608407933769862E-002
  6.608407933771274E-002  6.608407933771274E-002
  0.110240876147233       0.110240876147233     
  0.110240876147235       0.110240876147235     
  0.111206436646111       0.111206436646111     
 Reading in correlation potential...
Read in correlation potential: 
 Writing out matrix: v_loc
Size:       6 by       6
          1.500000205            -0.4166938311E-01         0.6106710000E-09         0.1588269496E-01         0.6323600000E-09        -0.4167517045E-01
        -0.4166938311E-01          1.499999795            -0.4167286473E-01        -0.6580190000E-09         0.1588322159E-01        -0.6129600000E-09
         0.6106710000E-09        -0.4167286473E-01          1.500000205            -0.4167517045E-01         0.6339100000E-09         0.1588368584E-01
         0.1588269496E-01        -0.6580190000E-09        -0.4167517045E-01          1.499999795            -0.4166938311E-01        -0.6400700000E-09
         0.6323600000E-09         0.1588322159E-01         0.6339100000E-09        -0.4166938311E-01          1.500000205            -0.4167286473E-01
        -0.4167517045E-01        -0.6129600000E-09         0.1588368584E-01        -0.6400700000E-09        -0.4167286473E-01          1.499999795    
 Writing out matrix: v_loc_b
Size:       6 by       6
          1.499999795            -0.4166938311E-01        -0.6111670000E-09         0.1588269496E-01        -0.6307420000E-09        -0.4167517045E-01
        -0.4166938311E-01          1.500000205            -0.4167286473E-01         0.6594440000E-09         0.1588322159E-01         0.6133040000E-09
        -0.6111670000E-09        -0.4167286473E-01          1.499999795            -0.4167517045E-01        -0.6331980000E-09         0.1588368584E-01
         0.1588269496E-01         0.6594440000E-09        -0.4167517045E-01          1.500000205            -0.4166938311E-01         0.6407760000E-09
        -0.6307420000E-09         0.1588322159E-01        -0.6331980000E-09        -0.4166938311E-01          1.499999795            -0.4167286473E-01
        -0.4167517045E-01         0.6133040000E-09         0.1588368584E-01         0.6407760000E-09        -0.4167286473E-01          1.500000205    
Iteration:      1
 Reading HF orbitals from disk...
 nOCC                  2475
 Fock eigenvalues around fermi level: 
   1.37047949153527        1.37047949157954      *
   1.37047949153527        1.37047949157954      *
   1.37251338551857        1.37251338549095      *
   1.37251338551857        1.37251338549096      *
   1.41028179222926        1.41028179225213      *
   1.41028179222926        1.41028179225213      *
   1.41152854531224        1.41152854530607      *
   1.41152854531224        1.41152854530607      *
   1.58847145469428        1.58847145468886     
   1.58847145469428        1.58847145468886     
   1.58971820774720        1.58971820776918     
   1.58971820774720        1.58971820776918     
   1.62748661450804        1.62748661448016     
   1.62748661450804        1.62748661448016     
   1.62952050842112        1.62952050846557     
One-electron eigenvalue band-gap:         0.1769429094
One-electron beta eigenvalue band-gap:         0.1769429094
 Constructing full schmidt basis of HF det, including core + virt spaces
 All alpha impurity/bath orbitals orthogonal by construction
 All alpha bath/bath orbitals orthonormal
Constructing beta bath space
 All beta impurity/bath orbitals orthogonal by construction
 All beta bath/bath orbitals orthonormal
 Non-interacting core energy for DMET wavefunction is:   -605.811182073828     
Number of electrons in full system:  4950
Number of electrons in alpha spin channel:  6.0000000
Number of total electrons in embedded system: 12.0000000   12
 Allocating memory to store 2 electron integrals:                  45150
Calculating FCI space for     12 electrons in     12 orbitals.
 Total number of determinants is:                 853776
Number of determinants in FCI space:         853776
Compressing hamiltonian matrix...
Size of Compressed/Full Hamiltonians:       49000000  728933458176
Allocating memory for compressed hamiltonian:     747.680664 Mb
Saving in compression of: 5560573.258789 Mb
Building Mat:        25000      853776
Building Mat:        50000      853776
Building Mat:        75000      853776
Building Mat:       100000      853776
Building Mat:       125000      853776
Building Mat:       150000      853776
Building Mat:       175000      853776
Building Mat:       200000      853776
Building Mat:       225000      853776
Building Mat:       250000      853776
Building Mat:       275000      853776
Building Mat:       300000      853776
Building Mat:       325000      853776
Building Mat:       350000      853776
Building Mat:       375000      853776
Building Mat:       400000      853776
Building Mat:       425000      853776
Building Mat:       450000      853776
Building Mat:       475000      853776
Building Mat:       500000      853776
Building Mat:       525000      853776
Building Mat:       550000      853776
Building Mat:       575000      853776
Building Mat:       600000      853776
Building Mat:       625000      853776
Building Mat:       650000      853776
Building Mat:       675000      853776
Building Mat:       700000      853776
Building Mat:       725000      853776
Building Mat:       750000      853776
Building Mat:       775000      853776
Building Mat:       800000      853776
Building Mat:       825000      853776
Building Mat:       850000      853776
 Solving for ground state with non-direct davidson diagonalizer...
 Starting Davidson iteration:                     10   3.80711568375995     
 Starting Davidson iteration:                     20  0.100607414927201     
 Starting Davidson iteration:                     30  1.758436209185812E-004
 Starting Davidson iteration:                     40  3.262444967439482E-007
 FCI energy:   -3.40292026412074     
Finding 1RDM (stupidly...)        25000      853776
Finding 1RDM (stupidly...)        50000      853776
Finding 1RDM (stupidly...)        75000      853776
Finding 1RDM (stupidly...)       100000      853776
Finding 1RDM (stupidly...)       125000      853776
Finding 1RDM (stupidly...)       150000      853776
Finding 1RDM (stupidly...)       175000      853776
Finding 1RDM (stupidly...)       200000      853776
Finding 1RDM (stupidly...)       225000      853776
Finding 1RDM (stupidly...)       250000      853776
Finding 1RDM (stupidly...)       275000      853776
Finding 1RDM (stupidly...)       300000      853776
Finding 1RDM (stupidly...)       325000      853776
Finding 1RDM (stupidly...)       350000      853776
Finding 1RDM (stupidly...)       375000      853776
Finding 1RDM (stupidly...)       400000      853776
Finding 1RDM (stupidly...)       425000      853776
Finding 1RDM (stupidly...)       450000      853776
Finding 1RDM (stupidly...)       475000      853776
Finding 1RDM (stupidly...)       500000      853776
Finding 1RDM (stupidly...)       525000      853776
Finding 1RDM (stupidly...)       550000      853776
Finding 1RDM (stupidly...)       575000      853776
Finding 1RDM (stupidly...)       600000      853776
Finding 1RDM (stupidly...)       625000      853776
Finding 1RDM (stupidly...)       650000      853776
Finding 1RDM (stupidly...)       675000      853776
Finding 1RDM (stupidly...)       700000      853776
Finding 1RDM (stupidly...)       725000      853776
Finding 1RDM (stupidly...)       750000      853776
Finding 1RDM (stupidly...)       775000      853776
Finding 1RDM (stupidly...)       800000      853776
Finding 1RDM (stupidly...)       825000      853776
Finding 1RDM (stupidly...)       850000      853776
Embedded system energy is:        -3.4029202641
One electron energy per impurity:      -1.009384
Two electron energy per impurity:       0.542487
Coupling energy to bath per impurity:  -0.477261
Total energy per impurity site:        -0.944158
Target filling per site:       0.5000000
Actual filling per site:       0.5000000
Filling error  per site:       0.0000000

Impurity RDMs: 
 Writing out matrix: hl_1RDM_Imp
Size:       6 by       6
         0.4999999214             0.2523428588             0.1549334942E-07        -0.9232802748E-01         0.1546990970E-07         0.2523487941    
         0.2523428588             0.5000000785             0.2523462172            -0.1546311100E-07        -0.9233072600E-01        -0.1546259363E-07
         0.1549334942E-07         0.2523462172             0.4999999214             0.2523487940             0.1546414058E-07        -0.9232856523E-01
        -0.9232802748E-01        -0.1546311100E-07         0.2523487940             0.5000000786             0.2523428589            -0.1549266705E-07
         0.1546990970E-07        -0.9233072600E-01         0.1546414058E-07         0.2523428589             0.4999999215             0.2523462171    
         0.2523487941            -0.1546259363E-07        -0.9232856523E-01        -0.1549266705E-07         0.2523462171             0.5000000786    
 Writing out matrix: hl_1RDM_Imp_b
Size:       6 by       6
         0.5000000786             0.2523428588            -0.1549182145E-07        -0.9232802747E-01        -0.1546137443E-07         0.2523487941    
         0.2523428588             0.4999999215             0.2523462172             0.1545712625E-07        -0.9233072600E-01         0.1546397998E-07
        -0.1549182145E-07         0.2523462172             0.5000000786             0.2523487940            -0.1546610544E-07        -0.9232856523E-01
        -0.9232802747E-01         0.1545712625E-07         0.2523487940             0.4999999214             0.2523428588             0.1549031705E-07
        -0.1546137443E-07        -0.9233072600E-01        -0.1546610544E-07         0.2523428588             0.5000000785             0.2523462171    
         0.2523487941             0.1546397998E-07        -0.9232856523E-01         0.1549031705E-07         0.2523462171             0.4999999214    
 Writing out matrix: Spin Density
Size:       6 by       6
        -0.1571376176E-06        -0.6389777596E-11         0.3098517087E-07        -0.2698660739E-11         0.3093128413E-07         0.8040568211E-11
        -0.6389777596E-11         0.1570612576E-06         0.1429661944E-10        -0.3092023725E-07         0.1960362428E-11        -0.3092657361E-07
         0.3098517087E-07         0.1429661944E-10        -0.1571442731E-06        -0.1316047271E-10         0.3093024601E-07        -0.1089073276E-11
        -0.2698660739E-11        -0.3092023725E-07        -0.1316047271E-10         0.1571322138E-06         0.1185918030E-10        -0.3098298410E-07
         0.3093128413E-07         0.1960362428E-11         0.3093024601E-07         0.1185918030E-10        -0.1570731871E-06        -0.1452460374E-10
         0.8040568211E-11        -0.3092657361E-07        -0.1089073276E-11        -0.3098298410E-07        -0.1452460374E-10         0.1571331986E-06
AFM order:       0.0000002
      1     -0.9441582224           0.000000000           0.000000000         -0.6462608226E-12       0.000000000    
FINAL energy per site for U=    3.0000 is:    -0.9441582224    
 Writing out converged correlation potential...
Calculating non-interacting EC MR-TDA LR system for *hole* & *particle* beta spin-orbital pert...
Solving linear system with preconditioned iterative non-direct GMRES algorithm
Tolerance for solution of linear system:       0.1000000000E-04
Maximum iterations for each solution:                   6000
Number of krylov subspace vectors to store:       75
 Allocating memory to store 2 electron integrals:                  45150
Calculating FCI space for     12 electrons in     12 orbitals.
 Total number of determinants is:                 853776
 Calculating N-1 space
Calculating FCI space for     11 electrons in     12 orbitals.
 Total number of determinants in N-1 space is:                1463616
 Calculating N+1 space
Calculating FCI space for     13 electrons in     12 orbitals.
 Total number of determinants in N+1 space is:                1463616
 Number of determinants in {N,N+1,N-1} FCI space:                3781008
Memory required for det list storage:    459.68774 Mb
Computing size of compressed Hamiltonian matrices
Assuming size of compressed N electron hamiltonian is:         49000000
Assuming size of compressed N-1 electron hamiltonian is:         44000000
Assuming size of compressed N+1 electron hamiltonian is:         44000000
Memory required for N-electron hamil:   1495.36133 Mb
Memory required for N+1-electron hamil:   1342.77344 Mb
Memory required for N-1-electron hamil:   1342.77344 Mb
Building Mat:        25000      853776
Building Mat:        50000      853776
Building Mat:        75000      853776
Building Mat:       100000      853776
Building Mat:       125000      853776
Building Mat:       150000      853776
Building Mat:       175000      853776
Building Mat:       200000      853776
Building Mat:       225000      853776
Building Mat:       250000      853776
Building Mat:       275000      853776
Building Mat:       300000      853776
Building Mat:       325000      853776
Building Mat:       350000      853776
Building Mat:       375000      853776
Building Mat:       400000      853776
Building Mat:       425000      853776
Building Mat:       450000      853776
Building Mat:       475000      853776
Building Mat:       500000      853776
Building Mat:       525000      853776
Building Mat:       550000      853776
Building Mat:       575000      853776
Building Mat:       600000      853776
Building Mat:       625000      853776
Building Mat:       650000      853776
Building Mat:       675000      853776
Building Mat:       700000      853776
Building Mat:       725000      853776
Building Mat:       750000      853776
Building Mat:       775000      853776
Building Mat:       800000      853776
Building Mat:       825000      853776
Building Mat:       850000      853776
Building Mat:        25000      731808
Building Mat:        50000      731808
Building Mat:        75000      731808
Building Mat:       100000      731808
Building Mat:       125000      731808
Building Mat:       150000      731808
Building Mat:       175000      731808
Building Mat:       200000      731808
Building Mat:       225000      731808
Building Mat:       250000      731808
Building Mat:       275000      731808
Building Mat:       300000      731808
Building Mat:       325000      731808
Building Mat:       350000      731808
Building Mat:       375000      731808
Building Mat:       400000      731808
Building Mat:       425000      731808
Building Mat:       450000      731808
Building Mat:       475000      731808
Building Mat:       500000      731808
Building Mat:       525000      731808
Building Mat:       550000      731808
Building Mat:       575000      731808
Building Mat:       600000      731808
Building Mat:       625000      731808
Building Mat:       650000      731808
Building Mat:       675000      731808
Building Mat:       700000      731808
Building Mat:       725000      731808
Building Mat:        25000      731808
Building Mat:        50000      731808
Building Mat:        75000      731808
Building Mat:       100000      731808
Building Mat:       125000      731808
Building Mat:       150000      731808
Building Mat:       175000      731808
Building Mat:       200000      731808
Building Mat:       225000      731808
Building Mat:       250000      731808
Building Mat:       275000      731808
Building Mat:       300000      731808
Building Mat:       325000      731808
Building Mat:       350000      731808
Building Mat:       375000      731808
Building Mat:       400000      731808
Building Mat:       425000      731808
Building Mat:       450000      731808
Building Mat:       475000      731808
Building Mat:       500000      731808
Building Mat:       525000      731808
Building Mat:       550000      731808
Building Mat:       575000      731808
Building Mat:       600000      731808
Building Mat:       625000      731808
Building Mat:       650000      731808
Building Mat:       675000      731808
Building Mat:       700000      731808
Building Mat:       725000      731808
 External indices start from:                 731809
 Total size of linear sys:                1585584
Memory required for wavefunctions:    107.94287 Mb
Memory required for fock matrix:   1682.45316 Mb
Memory required for coupling coefficient matrices:    493.18726 Mb
Uncompressed memory required for coupling coefficient matrices: ************ Mb
Memory required for compressed LR systems:    4726.195312 Mb
Compare to memory required for the uncompressed system: ************** Mb
 Calculating linear response for frequency:   -4.50000000000000     
Memory required for GMRES solver:      1935.61893 Mb
Memory required for GMRES solver:      1935.61893 Mb
 Calculating linear response for frequency:   -4.48000000000000     
Memory required for GMRES solver:      1935.61893 Mb
Memory required for GMRES solver:      1935.61893 Mb
 Calculating linear response for frequency:   -4.46000000000000     
Memory required for GMRES solver:      1935.61893 Mb
Memory required for GMRES solver:      1935.61893 Mb
 Calculating linear response for frequency:   -4.44000000000000     
Memory required for GMRES solver:      1935.61893 Mb
Memory required for GMRES solver:      1935.61893 Mb
 Calculating linear response for frequency:   -4.42000000000000     
Memory required for GMRES solver:      1935.61893 Mb
Memory required for GMRES solver:      1935.61893 Mb
 Calculating linear response for frequency:   -4.40000000000000     
Memory required for GMRES solver:      1935.61893 Mb
Memory required for GMRES solver:      1935.61893 Mb
 Calculating linear response for frequency:   -4.38000000000000     
Memory required for GMRES solver:      1935.61893 Mb
Memory required for GMRES solver:      1935.61893 Mb
 Calculating linear response for frequency:   -4.36000000000000     
Memory required for GMRES solver:      1935.61893 Mb
Memory required for GMRES solver:      1935.61893 Mb
 Calculating linear response for frequency:   -4.34000000000000     
Memory required for GMRES solver:      1935.61893 Mb
Memory required for GMRES solver:      1935.61893 Mb
 Calculating linear response for frequency:   -4.32000000000000     
Memory required for GMRES solver:      1935.61893 Mb
Memory required for GMRES solver:      1935.61893 Mb
 Calculating linear response for frequency:   -4.30000000000000     
Memory required for GMRES solver:      1935.61893 Mb
Memory required for GMRES solver:      1935.61893 Mb
 Calculating linear response for frequency:   -4.28000000000000     
Memory required for GMRES solver:      1935.61893 Mb
Memory required for GMRES solver:      1935.61893 Mb
 Calculating linear response for frequency:   -4.26000000000001     
Memory required for GMRES solver:      1935.61893 Mb
Memory required for GMRES solver:      1935.61893 Mb
 Calculating linear response for frequency:   -4.24000000000001     
Memory required for GMRES solver:      1935.61893 Mb
Memory required for GMRES solver:      1935.61893 Mb
 Calculating linear response for frequency:   -4.22000000000001     
Memory required for GMRES solver:      1935.61893 Mb
Memory required for GMRES solver:      1935.61893 Mb
 Calculating linear response for frequency:   -4.20000000000001     
Memory required for GMRES solver:      1935.61893 Mb
Memory required for GMRES solver:      1935.61893 Mb
 Calculating linear response for frequency:   -4.18000000000001     
Memory required for GMRES solver:      1935.61893 Mb
Memory required for GMRES solver:      1935.61893 Mb
 Calculating linear response for frequency:   -4.16000000000001     
Memory required for GMRES solver:      1935.61893 Mb
Memory required for GMRES solver:      1935.61893 Mb
 Calculating linear response for frequency:   -4.14000000000001     
Memory required for GMRES solver:      1935.61893 Mb
Memory required for GMRES solver:      1935.61893 Mb
 Calculating linear response for frequency:   -4.12000000000001     
Memory required for GMRES solver:      1935.61893 Mb
Memory required for GMRES solver:      1935.61893 Mb
 Calculating linear response for frequency:   -4.10000000000001     
Memory required for GMRES solver:      1935.61893 Mb
Memory required for GMRES solver:      1935.61893 Mb
 Calculating linear response for frequency:   -4.08000000000001     
Memory required for GMRES solver:      1935.61893 Mb
Memory required for GMRES solver:      1935.61893 Mb
