***  Starting real-space hubbard/anderson calculation  ***
 ================================================================
 Compiled on Jul 26 2013 at 16:39:31
 VCS BASE repository version:
     86110b3a4d81a82f0b6e9764cb6367c9aa0692fc
 Working directory: 
     /sharedscratch/ghb24/LRDMET/Honeycombo/Lattices/U1
 Started running on 27/07/2013 at 22:58:39
 ================================================================

 Reading from file: input.model

****************************************************************

MODEL
    SYSTEM READ
    SITES 4950
    UHF
    U_VALS 1.0
(    APBC)
    IMPSITES 6
    HALF_FILL
    NONDIR_DAVIDSON
    COMPRESSMATS 1.0E-8
    READCMPRSMATS
    NP1_CMPRSHAMSIZE 41000000
    NM1_CMPRSHAMSIZE 41000000
(    WRITECMPRSMATS)
(    DEBUGOUTPUT)
(    CHECK_SANITY)
END

LINEAR_RESPONSE
(    DD_RESPONSE)
    GF_RESPONSE
(    BETA_GF)
(    NONDIR_MINRES)
    NONDIR_GMRES 1.0E-5
    MINRES_MAXITER 6000
    REUSE_FIRSTORDER_PSI
    PRECONDITION_LR
    NKRYLOV 75
    EC_TDA 1
    FREQ -4.5 4.5 0.02
    BROADENING 0.05
END

****************************************************************

Reading unknown system from files...
            o No chemical potential applied at impurity site
            o Number of lattice sites:      4950
            o *Unrestricted* bath construction: (Anti-)Ferromagnetic phase
            o Range of U values to consider: 
            o U =    1.00000
            o Only half filling to be considered
            o Number of impurity sites:       6
            o Impurity solver: Non-direct iterative Davidson diagonalizer
            o Calculating externally-contracted MC-TDA DMET linear response function
                o Local Greens function calculated
            o Spectral broadening for linear response functions:    0.05000000


 Running DMET calculation with U =    1.00000000000000     
Connections of impurity sites via t:     12 within imp,      6 to env
 
Electrons per site:      1.000 (in  2475 doubly occupied orbitals on  4950 sites)
Filling Fraction:        0.50000
Hubbard U:               1.000
Embedded system size:     6 sites
1D Hubbard lattice of  4950 sites
 
 nOCC                  2475
 Fock eigenvalues around fermi level: 
 -0.111206436646118      -0.111206436646118      *
 -0.111206436646110      -0.111206436646110      *
 -0.110240876147259      -0.110240876147259      *
 -0.110240876147252      -0.110240876147252      *
 -6.608407933771322E-002 -6.608407933771322E-002 *
 -6.608407933769711E-002 -6.608407933769711E-002 *
 -6.499196892982884E-002 -6.499196892982884E-002 *
 -6.499196892982473E-002 -6.499196892982473E-002 *
  6.499196892981668E-002  6.499196892981668E-002
  6.499196892982406E-002  6.499196892982406E-002
  6.608407933769862E-002  6.608407933769862E-002
  6.608407933771274E-002  6.608407933771274E-002
  0.110240876147233       0.110240876147233     
  0.110240876147235       0.110240876147235     
  0.111206436646111       0.111206436646111     
 Reading in correlation potential...
Read in correlation potential: 
 Writing out matrix: v_loc
Size:       6 by       6
         0.4999998005            -0.3563714590E-02        -0.5349530000E-09         0.1173684275E-02         0.5611660000E-09        -0.3564686197E-02
        -0.3563714590E-02         0.5000001987            -0.3564572136E-02         0.1261480000E-08         0.1173984276E-02         0.4425900000E-09
        -0.5349530000E-09        -0.3564572136E-02         0.4999998006            -0.3564686192E-02        -0.2498420000E-09         0.1173890977E-02
         0.1173684275E-02         0.1261480000E-08        -0.3564686192E-02         0.5000001988            -0.3563714597E-02         0.1499760000E-09
         0.5611660000E-09         0.1173984276E-02        -0.2498420000E-09        -0.3563714597E-02         0.4999998004            -0.3564572127E-02
        -0.3564686197E-02         0.4425900000E-09         0.1173890977E-02         0.1499760000E-09        -0.3564572127E-02         0.5000001989    
 Writing out matrix: v_loc_b
Size:       6 by       6
         0.5000001995            -0.3563714591E-02         0.5350750000E-09         0.1173684275E-02        -0.5613120000E-09        -0.3564686196E-02
        -0.3563714591E-02         0.4999998013            -0.3564572139E-02        -0.1261632000E-08         0.1173984277E-02        -0.4424310000E-09
         0.5350750000E-09        -0.3564572139E-02         0.5000001994            -0.3564686193E-02         0.2497930000E-09         0.1173890978E-02
         0.1173684275E-02        -0.1261632000E-08        -0.3564686193E-02         0.4999998012            -0.3563714597E-02        -0.1499120000E-09
        -0.5613120000E-09         0.1173984277E-02         0.2497930000E-09        -0.3563714597E-02         0.5000001996            -0.3564572126E-02
        -0.3564686196E-02        -0.4424310000E-09         0.1173890978E-02        -0.1499120000E-09        -0.3564572126E-02         0.4999998011    
Iteration:      1
 Reading HF orbitals from disk...
 nOCC                  2475
 Fock eigenvalues around fermi level: 
  0.388335782367095       0.388335783421824      *
  0.388335782367095       0.388335783421824      *
  0.389316928645143       0.389316930104863      *
  0.389316928645143       0.389316930104864      *
  0.433537865617411       0.433537867081470      *
  0.433537865617412       0.433537867081470      *
  0.434631657259647       0.434631658306131      *
  0.434631657259647       0.434631658306131      *
  0.565368341693406       0.565368342740996     
  0.565368341693407       0.565368342740997     
  0.566462132918996       0.566462134382442     
  0.566462132918996       0.566462134382442     
  0.610683069896050       0.610683071354286     
  0.610683069896050       0.610683071354287     
  0.611664216577269       0.611664217633970     
One-electron eigenvalue band-gap:         0.1307366844
One-electron beta eigenvalue band-gap:         0.1307366844
 Constructing full schmidt basis of HF det, including core + virt spaces
 All alpha impurity/bath orbitals orthogonal by construction
 All alpha bath/bath orbitals orthonormal
Constructing beta bath space
 All beta impurity/bath orbitals orthogonal by construction
 All beta bath/bath orbitals orthonormal
 Non-interacting core energy for DMET wavefunction is:   -5328.88466439957     
Number of electrons in full system:  4950
Number of electrons in alpha spin channel:  6.0000000
Number of total electrons in embedded system: 12.0000000   12
 Allocating memory to store 2 electron integrals:                  45150
Calculating FCI space for     12 electrons in     12 orbitals.
 Total number of determinants is:                 853776
Number of determinants in FCI space:         853776
Compressing hamiltonian matrix...
Size of Compressed/Full Hamiltonians:       48354769  728933458176
Allocating memory for compressed hamiltonian:     737.835220 Mb
Saving in compression of: 5560583.104233 Mb
 Solving for ground state with non-direct davidson diagonalizer...
 Starting Davidson iteration:                     10   2.47649964637481     
 Starting Davidson iteration:                     20  0.229247523321251     
 Starting Davidson iteration:                     30  5.527099246079852E-004
 Starting Davidson iteration:                     40  1.077642639835299E-006
 Starting Davidson iteration:                     50  2.970135425226847E-009
 FCI energy:   -11.5687646572832     
Embedded system energy is:       -11.5687646573
One electron energy per impurity:      -1.044858
Two electron energy per impurity:       0.227148
Coupling energy to bath per impurity:  -0.520224
Total energy per impurity site:        -1.337933
Target filling per site:       0.5000000
Actual filling per site:       0.5000000
Filling error  per site:       0.0000000

Impurity RDMs: 
 Writing out matrix: hl_1RDM_Imp
Size:       6 by       6
         0.5000000480             0.2612082303            -0.1324999805E-07        -0.9274365810E-01        -0.1327686057E-07         0.2612184611    
         0.2612082303             0.4999999519             0.2612165164             0.1328544150E-07        -0.9275334508E-01         0.1329117840E-07
        -0.1324999805E-07         0.2612165164             0.5000000480             0.2612184611            -0.1325820240E-07        -0.9274473416E-01
        -0.9274365810E-01         0.1328544150E-07         0.2612184611             0.4999999519             0.2612082303             0.1331479289E-07
        -0.1327686057E-07        -0.9275334508E-01        -0.1325820240E-07         0.2612082303             0.5000000480             0.2612165164    
         0.2612184611             0.1329117840E-07        -0.9274473416E-01         0.1331479289E-07         0.2612165164             0.4999999518    
 Writing out matrix: hl_1RDM_Imp_b
Size:       6 by       6
         0.4999999520             0.2612082303             0.1325983878E-07        -0.9274365810E-01         0.1327035895E-07         0.2612184611    
         0.2612082303             0.5000000481             0.2612165164            -0.1329077180E-07        -0.9275334508E-01        -0.1330940803E-07
         0.1325983878E-07         0.2612165164             0.4999999520             0.2612184611             0.1325670975E-07        -0.9274473416E-01
        -0.9274365810E-01        -0.1329077180E-07         0.2612184611             0.5000000481             0.2612082303            -0.1330048166E-07
         0.1327035895E-07        -0.9275334508E-01         0.1325670975E-07         0.2612082303             0.4999999520             0.2612165164    
         0.2612184611            -0.1330940803E-07        -0.9274473416E-01        -0.1330048166E-07         0.2612165164             0.5000000482    
 Writing out matrix: Spin Density
Size:       6 by       6
         0.9606801699E-07        -0.1674399508E-10        -0.2650983683E-07        -0.1941655170E-11        -0.2654721953E-07         0.4081013305E-11
        -0.1674399508E-10        -0.9624322805E-07         0.1116301496E-10         0.2657621329E-07         0.6445219358E-11         0.2660058644E-07
        -0.2650983683E-07         0.1116301496E-10         0.9600724199E-07        -0.9470979556E-11        -0.2651491215E-07        -0.2727318371E-11
        -0.1941655170E-11         0.2657621329E-07        -0.9470979556E-11        -0.9625040898E-07         0.1967298546E-10         0.2661527454E-07
        -0.2654721953E-07         0.6445219358E-11        -0.2651491215E-07         0.1967298546E-10         0.9608247198E-07        -0.8975986621E-11
         0.4081013305E-11         0.2660058644E-07        -0.2727318371E-11         0.2661527454E-07        -0.8975986621E-11        -0.9632789599E-07
AFM order:       0.0000001
      1      -1.337932999           0.000000000           0.000000000          0.1161348795E-11       0.000000000    
FINAL energy per site for U=    1.0000 is:     -1.337932999    
 Writing out converged correlation potential...
Calculating non-interacting EC MR-TDA LR system for *hole* & *particle* beta spin-orbital pert...
Solving linear system with preconditioned iterative non-direct GMRES algorithm
Tolerance for solution of linear system:       0.1000000000E-04
Maximum iterations for each solution:                   6000
Number of krylov subspace vectors to store:       75
 Allocating memory to store 2 electron integrals:                  45150
Calculating FCI space for     12 electrons in     12 orbitals.
 Total number of determinants is:                 853776
 Calculating N-1 space
Calculating FCI space for     11 electrons in     12 orbitals.
 Total number of determinants in N-1 space is:                1463616
 Calculating N+1 space
Calculating FCI space for     13 electrons in     12 orbitals.
 Total number of determinants in N+1 space is:                1463616
 Number of determinants in {N,N+1,N-1} FCI space:                3781008
Memory required for det list storage:    459.68774 Mb
Computing size of compressed Hamiltonian matrices
 N-electron hamiltonian found
 Read in NMAX_N =               48354769
Assuming size of compressed N-1 electron hamiltonian is:         41000000
Assuming size of compressed N+1 electron hamiltonian is:         41000000
Memory required for N-electron hamil:   1475.67044 Mb
Memory required for N+1-electron hamil:   1251.22070 Mb
Memory required for N-1-electron hamil:   1251.22070 Mb
 N-electron hamiltonian found
Building Mat:        25000      731808
Building Mat:        50000      731808
Building Mat:        75000      731808
Building Mat:       100000      731808
Building Mat:       125000      731808
Building Mat:       150000      731808
Building Mat:       175000      731808
Building Mat:       200000      731808
Building Mat:       225000      731808
Building Mat:       250000      731808
Building Mat:       275000      731808
Building Mat:       300000      731808
Building Mat:       325000      731808
Building Mat:       350000      731808
Building Mat:       375000      731808
Building Mat:       400000      731808
Building Mat:       425000      731808
Building Mat:       450000      731808
Building Mat:       475000      731808
Building Mat:       500000      731808
Building Mat:       525000      731808
Building Mat:       550000      731808
Building Mat:       575000      731808
Building Mat:       600000      731808
Building Mat:       625000      731808
Building Mat:       650000      731808
Building Mat:       675000      731808
Building Mat:       700000      731808
Building Mat:       725000      731808
Building Mat:        25000      731808
Building Mat:        50000      731808
Building Mat:        75000      731808
Building Mat:       100000      731808
Building Mat:       125000      731808
Building Mat:       150000      731808
Building Mat:       175000      731808
Building Mat:       200000      731808
Building Mat:       225000      731808
Building Mat:       250000      731808
Building Mat:       275000      731808
Building Mat:       300000      731808
Building Mat:       325000      731808
Building Mat:       350000      731808
Building Mat:       375000      731808
Building Mat:       400000      731808
Building Mat:       425000      731808
Building Mat:       450000      731808
Building Mat:       475000      731808
Building Mat:       500000      731808
Building Mat:       525000      731808
Building Mat:       550000      731808
Building Mat:       575000      731808
Building Mat:       600000      731808
Building Mat:       625000      731808
Building Mat:       650000      731808
Building Mat:       675000      731808
Building Mat:       700000      731808
Building Mat:       725000      731808
 External indices start from:                 731809
 Total size of linear sys:                1585584
Memory required for wavefunctions:    107.94287 Mb
Memory required for fock matrix:   1682.45316 Mb
Memory required for coupling coefficient matrices:    493.18726 Mb
Uncompressed memory required for coupling coefficient matrices: ************ Mb
Memory required for compressed LR systems:    4559.329880 Mb
Compare to memory required for the uncompressed system: ************** Mb
 Calculating linear response for frequency:   -4.50000000000000     
Memory required for GMRES solver:      1935.61893 Mb
Memory required for GMRES solver:      1935.61893 Mb
 Calculating linear response for frequency:   -4.48000000000000     
Memory required for GMRES solver:      1935.61893 Mb
Memory required for GMRES solver:      1935.61893 Mb
 Calculating linear response for frequency:   -4.46000000000000     
Memory required for GMRES solver:      1935.61893 Mb
Memory required for GMRES solver:      1935.61893 Mb
 Calculating linear response for frequency:   -4.44000000000000     
Memory required for GMRES solver:      1935.61893 Mb
Memory required for GMRES solver:      1935.61893 Mb
 Calculating linear response for frequency:   -4.42000000000000     
Memory required for GMRES solver:      1935.61893 Mb
Memory required for GMRES solver:      1935.61893 Mb
 Calculating linear response for frequency:   -4.40000000000000     
Memory required for GMRES solver:      1935.61893 Mb
Memory required for GMRES solver:      1935.61893 Mb
 Calculating linear response for frequency:   -4.38000000000000     
Memory required for GMRES solver:      1935.61893 Mb
Memory required for GMRES solver:      1935.61893 Mb
 Calculating linear response for frequency:   -4.36000000000000     
Memory required for GMRES solver:      1935.61893 Mb
Memory required for GMRES solver:      1935.61893 Mb
 Calculating linear response for frequency:   -4.34000000000000     
Memory required for GMRES solver:      1935.61893 Mb
Memory required for GMRES solver:      1935.61893 Mb
 Calculating linear response for frequency:   -4.32000000000000     
Memory required for GMRES solver:      1935.61893 Mb
Memory required for GMRES solver:      1935.61893 Mb
 Calculating linear response for frequency:   -4.30000000000000     
Memory required for GMRES solver:      1935.61893 Mb
Memory required for GMRES solver:      1935.61893 Mb
 Calculating linear response for frequency:   -4.28000000000000     
Memory required for GMRES solver:      1935.61893 Mb
Memory required for GMRES solver:      1935.61893 Mb
 Calculating linear response for frequency:   -4.26000000000001     
Memory required for GMRES solver:      1935.61893 Mb
Memory required for GMRES solver:      1935.61893 Mb
 Calculating linear response for frequency:   -4.24000000000001     
Memory required for GMRES solver:      1935.61893 Mb
Memory required for GMRES solver:      1935.61893 Mb
 Calculating linear response for frequency:   -4.22000000000001     
Memory required for GMRES solver:      1935.61893 Mb
Memory required for GMRES solver:      1935.61893 Mb
 Calculating linear response for frequency:   -4.20000000000001     
Memory required for GMRES solver:      1935.61893 Mb
Memory required for GMRES solver:      1935.61893 Mb
 Calculating linear response for frequency:   -4.18000000000001     
Memory required for GMRES solver:      1935.61893 Mb
Memory required for GMRES solver:      1935.61893 Mb
 Calculating linear response for frequency:   -4.16000000000001     
Memory required for GMRES solver:      1935.61893 Mb
Memory required for GMRES solver:      1935.61893 Mb
 Calculating linear response for frequency:   -4.14000000000001     
Memory required for GMRES solver:      1935.61893 Mb
Memory required for GMRES solver:      1935.61893 Mb
 Calculating linear response for frequency:   -4.12000000000001     
Memory required for GMRES solver:      1935.61893 Mb
Memory required for GMRES solver:      1935.61893 Mb
 Calculating linear response for frequency:   -4.10000000000001     
Memory required for GMRES solver:      1935.61893 Mb
Memory required for GMRES solver:      1935.61893 Mb
 Calculating linear response for frequency:   -4.08000000000001     
Memory required for GMRES solver:      1935.61893 Mb
Memory required for GMRES solver:      1935.61893 Mb
 Calculating linear response for frequency:   -4.06000000000001     
Memory required for GMRES solver:      1935.61893 Mb
Memory required for GMRES solver:      1935.61893 Mb
 Calculating linear response for frequency:   -4.04000000000001     
Memory required for GMRES solver:      1935.61893 Mb
Memory required for GMRES solver:      1935.61893 Mb
 Calculating linear response for frequency:   -4.02000000000001     
Memory required for GMRES solver:      1935.61893 Mb
Memory required for GMRES solver:      1935.61893 Mb
 Calculating linear response for frequency:   -4.00000000000001     
Memory required for GMRES solver:      1935.61893 Mb
Memory required for GMRES solver:      1935.61893 Mb
 Calculating linear response for frequency:   -3.98000000000001     
Memory required for GMRES solver:      1935.61893 Mb
Memory required for GMRES solver:      1935.61893 Mb
 Calculating linear response for frequency:   -3.96000000000001     
Memory required for GMRES solver:      1935.61893 Mb
Memory required for GMRES solver:      1935.61893 Mb
 Calculating linear response for frequency:   -3.94000000000001     
Memory required for GMRES solver:      1935.61893 Mb
Memory required for GMRES solver:      1935.61893 Mb
 Calculating linear response for frequency:   -3.92000000000001     
Memory required for GMRES solver:      1935.61893 Mb
Memory required for GMRES solver:      1935.61893 Mb
 Calculating linear response for frequency:   -3.90000000000001     
Memory required for GMRES solver:      1935.61893 Mb
Memory required for GMRES solver:      1935.61893 Mb
 Calculating linear response for frequency:   -3.88000000000001     
Memory required for GMRES solver:      1935.61893 Mb
Memory required for GMRES solver:      1935.61893 Mb
 Calculating linear response for frequency:   -3.86000000000001     
Memory required for GMRES solver:      1935.61893 Mb
Memory required for GMRES solver:      1935.61893 Mb
 Calculating linear response for frequency:   -3.84000000000001     
Memory required for GMRES solver:      1935.61893 Mb
Memory required for GMRES solver:      1935.61893 Mb
 Calculating linear response for frequency:   -3.82000000000001     
Memory required for GMRES solver:      1935.61893 Mb
Memory required for GMRES solver:      1935.61893 Mb
 Calculating linear response for frequency:   -3.80000000000001     
Memory required for GMRES solver:      1935.61893 Mb
Memory required for GMRES solver:      1935.61893 Mb
 Calculating linear response for frequency:   -3.78000000000001     
Memory required for GMRES solver:      1935.61893 Mb
Memory required for GMRES solver:      1935.61893 Mb
 Calculating linear response for frequency:   -3.76000000000001     
Memory required for GMRES solver:      1935.61893 Mb
Memory required for GMRES solver:      1935.61893 Mb
 Calculating linear response for frequency:   -3.74000000000001     
Memory required for GMRES solver:      1935.61893 Mb
Memory required for GMRES solver:      1935.61893 Mb
 Calculating linear response for frequency:   -3.72000000000001     
Memory required for GMRES solver:      1935.61893 Mb
Memory required for GMRES solver:      1935.61893 Mb
 Calculating linear response for frequency:   -3.70000000000001     
Memory required for GMRES solver:      1935.61893 Mb
Memory required for GMRES solver:      1935.61893 Mb
 Calculating linear response for frequency:   -3.68000000000001     
Memory required for GMRES solver:      1935.61893 Mb
Memory required for GMRES solver:      1935.61893 Mb
 Calculating linear response for frequency:   -3.66000000000001     
Memory required for GMRES solver:      1935.61893 Mb
Memory required for GMRES solver:      1935.61893 Mb
 Calculating linear response for frequency:   -3.64000000000001     
Memory required for GMRES solver:      1935.61893 Mb
Memory required for GMRES solver:      1935.61893 Mb
 Calculating linear response for frequency:   -3.62000000000001     
Memory required for GMRES solver:      1935.61893 Mb
Memory required for GMRES solver:      1935.61893 Mb
 Calculating linear response for frequency:   -3.60000000000001     
Memory required for GMRES solver:      1935.61893 Mb
Memory required for GMRES solver:      1935.61893 Mb
 Calculating linear response for frequency:   -3.58000000000001     
Memory required for GMRES solver:      1935.61893 Mb
Memory required for GMRES solver:      1935.61893 Mb
 Calculating linear response for frequency:   -3.56000000000001     
Memory required for GMRES solver:      1935.61893 Mb
Memory required for GMRES solver:      1935.61893 Mb
 Calculating linear response for frequency:   -3.54000000000001     
Memory required for GMRES solver:      1935.61893 Mb
Memory required for GMRES solver:      1935.61893 Mb
 Calculating linear response for frequency:   -3.52000000000001     
Memory required for GMRES solver:      1935.61893 Mb
Memory required for GMRES solver:      1935.61893 Mb
 Calculating linear response for frequency:   -3.50000000000001     
Memory required for GMRES solver:      1935.61893 Mb
Memory required for GMRES solver:      1935.61893 Mb
 Calculating linear response for frequency:   -3.48000000000001     
Memory required for GMRES solver:      1935.61893 Mb
Memory required for GMRES solver:      1935.61893 Mb
 Calculating linear response for frequency:   -3.46000000000001     
Memory required for GMRES solver:      1935.61893 Mb
Memory required for GMRES solver:      1935.61893 Mb
 Calculating linear response for frequency:   -3.44000000000001     
Memory required for GMRES solver:      1935.61893 Mb
Memory required for GMRES solver:      1935.61893 Mb
 Calculating linear response for frequency:   -3.42000000000001     
Memory required for GMRES solver:      1935.61893 Mb
Memory required for GMRES solver:      1935.61893 Mb
 Calculating linear response for frequency:   -3.40000000000001     
Memory required for GMRES solver:      1935.61893 Mb
Memory required for GMRES solver:      1935.61893 Mb
 Calculating linear response for frequency:   -3.38000000000001     
Memory required for GMRES solver:      1935.61893 Mb
Memory required for GMRES solver:      1935.61893 Mb
 Calculating linear response for frequency:   -3.36000000000001     
Memory required for GMRES solver:      1935.61893 Mb
Memory required for GMRES solver:      1935.61893 Mb
 Calculating linear response for frequency:   -3.34000000000001     
Memory required for GMRES solver:      1935.61893 Mb
Memory required for GMRES solver:      1935.61893 Mb
 Calculating linear response for frequency:   -3.32000000000001     
Memory required for GMRES solver:      1935.61893 Mb
Memory required for GMRES solver:      1935.61893 Mb
